
multiplexing              :4
number of qubits          :128
number of photons         :32
strategy                  :11
photons                   :[0,2,1,17], [18,20,19,35], [36,38,37,53], [54,56,55,71], [72,74,73,89], [90,92,91,107], [108,110,109,125], [126,112,127,15], [116,3,4,5], [6,21,22,23], [24,39,40,41], [42,57,58,59], [60,75,76,77], [78,93,94,95], [80,111,96,97], [98,113,114,115], [8,10,9,25], [26,28,27,43], [44,46,45,61], [62,48,63,79], [64,66,65,81], [82,84,83,99], [100,102,101,117], [118,120,119,7], [124,11,12,13], [14,29,30,31], [16,47,32,33], [34,49,50,51], [52,67,68,69], [70,85,86,87], [88,103,104,105], [106,121,122,123], 
number of photons         :32

assigned qubits           :0,1,2,3,4,5,6,7,8,9,10,11,12,13,14,15,16,17,18,19,20,21,22,23,24,25,26,27,28,29,30,31,32,33,34,35,36,37,38,39,40,41,42,43,44,45,46,47,48,49,50,51,52,53,54,55,56,57,58,59,60,61,62,63,64,65,66,67,68,69,70,71,72,73,74,75,76,77,78,79,80,81,82,83,84,85,86,87,88,89,90,91,92,93,94,95,96,97,98,99,100,101,102,103,104,105,106,107,108,109,110,111,112,113,114,115,116,117,118,119,120,121,122,123,124,125,126,127
photon loss probability   :0.3
photon loss               :4,5,7,17,20,22,25,29,30,
num photon loss           :9
qubit loss                :14,15,26,27,28,29,30,31,43,64,65,66,70,72,73,74,81,85,86,87,88,89,90,91,92,100,101,102,103,104,105,107,112,117,126,127,
X errors on qubits        :15,29,31,43,65,66,73,87,88,89,90,100,102,103,112,
Z errors on qubits        :26,27,28,29,64,65,85,86,87,91,101,103,104,105,112,126,127,
X syndromes               :0,7,14,15,21,22,33,40,42,43,44,45,46,50,51,52,53,60,
Z correction              :15,29,43,64,65,85,88,91,101,104,105,
Z errors after correction :15,26,27,28,43,86,87,88,103,112,126,127,
X_1 logical basis qubits  :0,2,4,6,8,10,12,14
X_2 logical basis qubits  :1,17,33,49,65,81,97,113
no error in x_1 basis
no error in x_2 basis
is_success                :1

multiplexing              :4
number of qubits          :128
number of photons         :32
strategy                  :11
photons                   :[0
multiplexing              :4
number of qubits          :128
number of photons         :32
strategy                  :11
photons                   :[0
multiplexing              :4
number of qubits          :128
number of photons         :32
strategy                  :11
photons                   :[0
multiplexing              :4
number of qubits          :128
number of photons         :32
strategy                  :11
photons                   :[0,2,2,2,2,1,1,1,1,17,17,17,17], [18], [18], [18], [18,20,20,20,20,19,19,19,19,35,35,35,35], [36], [36], [36], [36,38,38,38,38,37,37,37,37,53,53,53,53], [54], [54], [54], [54,56,56,56,56,55,55,55,55,71,71,71,71], [72], [72], [72], [72,74,74,74,74,73,73,73,73,89,89,89,89], [90], [90], [90], [90,92,92,92,92,91,91,91,91,107,107,107,107], [108], [108], [108], [108,110,110,110,110,109,109,109,109,125,125,125,125], [126], [126], [126], [126,112,112,112,112,127,127,127,127,15,15,15,15], [116], [116], [116], [116,3,3,3,3,4,4,4,4,5,5,5,5], [6], [6], [6], [6,21,21,21,21,22,22,22,22,23,23,23,23], [24], [24], [24], [24,39,39,39,39,40,40,40,40,41,41,41,41], [42], [42], [42], [42,57,57,57,57,58,58,58,58,59,59,59,59], [60], [60], [60], [60,75,75,75,75,76,76,76,76,77,77,77,77], [78], [78], [78], [78,93,93,93,93,94,94,94,94,95,95,95,95], [80], [80], [80], [80,111,111,111,111,96,96,96,96,97,97,97,97], [98], [98], [98], [98,113,113,113,113,114,114,114,114,115,115,115,115], [8], [8], [8], [8,10,10,10,10,9,9,9,9,25,25,25,25], [26], [26], [26], [26,28,28,28,28,27,27,27,27,43,43,43,43], [44], [44], [44], [44,46,46,46,46,45,45,45,45,61,61,61,61], [62], [62], [62], [62,48,48,48,48,63,63,63,63,79,79,79,79], [64], [64], [64], [64,66,66,66,66,65,65,65,65,81,81,81,81], [82], [82], [82], [82,84,84,84,84,83,83,83,83,99,99,99,99], [100], [100], [100], [100,102,102,102,102,101,101,101,101,117,117,117,117], [118], [118], [118], [118,120,120,120,120,119,119,119,119,7,7,7,7], [124], [124], [124], [124,11,11,11,11,12,12,12,12,13,13,13,13], [14], [14], [14], [14,29,29,29,29,30,30,30,30,31,31,31,31], [16], [16], [16], [16,47,47,47,47,32,32,32,32,33,33,33,33], [34], [34], [34], [34,49,49,49,49,50,50,50,50,51,51,51,51], [52], [52], [52], [52,67,67,67,67,68,68,68,68,69,69,69,69], [70], [70], [70], [70,85,85,85,85,86,86,86,86,87,87,87,87], [88], [88], [88], [88,103,103,103,103,104,104,104,104,105,105,105,105], [106], [106], [106], [106,121,121,121,121,122,122,122,122,123,123,123,123], 
number of photons         :32
], 
number of photons         :32
], 
number of photons         :32
], 
number of photons         :32

assigned qubits           :0
assigned qubits           :0
assigned qubits           :0,1
assigned qubits           :0,1,1,2,1,2,2,3,2,3,3,4,3,4,4,5,4,5,5,6,5,6,6,7,6,7,7,8,7,8,8,9,8,9,9,10,9,10,10,11,10,11,11,12,11,12,12,13,12,13,13,14,13,14,14,15,14,15,15,16,15,16,16,17,16,17,17,18,17,18,18,19,18,19,19,20,19,20,20,21,20,21,21,22,21,22,22,23,22,23,23,24,23,24,24,25,24,25,25,26,25,26,26,27,26,27,27,28,27,28,28,29,28,29,29,30,29,30,30,31,30,31,31,32,31,32,32,33,32,33,33,34,33,34,34,35,34,35,35,36,35,36,36,37,36,37,37,38,37,38,38,39,38,39,39,40,39,40,40,41,40,41,41,42,41,42,42,43,42,43,43,44,43,44,44,45,44,45,45,46,45,46,46,47,46,47,47,48,47,48,48,49,48,49,49,50,49,50,50,51,50,51,51,52,51,52,52,53,52,53,53,54,53,54,54,55,54,55,55,56,55,56,56,57,56,57,57,58,57,58,58,59,58,59,59,60,59,60,60,61,60,61,61,62,61,62,62,63,62,63,63,64,63,64,64,65,64,65,65,66,65,66,66,67,66,67,67,68,67,68,68,69,68,69,69,70,69,70,70,71,70,71,71,72,71,72,72,73,72,73,73,74,73,74,74,75,74,75,75,76,75,76,76,77,76,77,77,78,77,78,78,79,78,79,79,80,79,80,80,81,80,81,81,82,81,82,82,83,82,83,83,84,83,84,84,85,84,85,85,86,85,86,86,87,86,87,87,88,87,88,88,89,88,89,89,90,89,90,90,91,90,91,91,92,91,92,92,93,92,93,93,94,93,94,94,95,94,95,95,96,95,96,96,97,96,97,97,98,97,98,98,99,98,99,99,100,99,100,100,101,100,101,101,102,101,102,102,103,102,103,103,104,103,104,104,105,104,105,105,106,105,106,106,107,106,107,107,108,107,108,108,109,108,109,109,110,109,110,110,111,110,111,111,112,111,112,112,113,112,113,113,114,113,114,114,115,114,115,115,116,115,116,116,117,116,117,117,118,117,118,118,119,118,119,119,120,119,120,120,121,120,121,121,122,121,122,122,123,122,123,123,124,123,124,124,125,124,125,125,126,125,126,126,127,126,127,127,127
photon loss probability   :0.3
photon loss               :1,6,7,
photon loss probability   :0.3
photon loss               :0,
photon loss probability   :0.3
photon loss               :0,
photon loss probability   :0.3
photon loss               :0,9,3,1,1,14,7,8,5,24,8,9,10,
num photon loss           :6
qubit loss                :6,15,10,12,11,18,12,13,12,21,16,15,13,28,19,16,15,29,22,17,18,
num photon loss           :9
qubit loss                :0,24,18,19,1,26,29,20,2,
num photon loss           :11
qubit loss                :0,
num photon loss           :11
qubit loss                :0,21,3,1,1,22,4,2,2,23,5,3,8,35,15,4,9,80,17,5,10,96,44,6,17,97,45,8,18,108,46,9,19,109,52,10,20,110,54,11,24,111,55,12,25,112,56,13,26,124,61,16,27,125,67,17,28,126,68,18,35,127,69,19,39,
X errors on qubits        :6,70,20,40,15,71,21,41,18,82,22,43,19,83,23,44,22,84,24,45,23,85,25,46,96,86,32,60,109,87,33,61,111,98,35,70,127,99,39,75,
Z errors on qubits        :18,112,40,76,21,113,41,77,23,114,47,78,109,115,48,85,111,116,60,86,124,126,62,87,127,63,90,
X syndromes               :6,
X errors on qubits        :0,75,91,9,2,76,92,10,5,77,93,12,15,79,94,17,17,100,95,48,44,101,98,54,52,102,107,62,54,116,113,55,117,114,56,124,115,68,
Z correction              :19,
X errors on qubits        :2,
X errors on qubits        :0,69,20,3,2,70,21,10,17,87,11,23,19,98,16,35,24,112,19,109,26,114,22,111,39,115,23,124,41,116,24,
Z errors after correction :18,46,127,35,19,60,
Z errors on qubits        :2,39,20,75,4,41,35,76,5,48,
X_1 logical basis qubits  :078,17,60,,287,45,62,,490,54,77,,692,56,79,,893,67,102,,1094,68,117,,12
Z errors on qubits        :9,71,
Z errors on qubits        :0,,1420,82,1,
X_2 logical basis qubits  :124,83,2,,1725,84,13,,3326,85,19,,4928,87,20,,6535,98,40,,8139,112,41,,9740,113,48,,11346,114,60,61,127,62,75,63,77,100,
X syndromes               :0,78,102,3,86,116,8,87,117,10,90,124,22,113,23,114,27,115,28,33,
X syndromes               :2,44,
X syndromes               :1,7,50,4,8,56,5,18,57,10,21,63,14,28,17,30,19,32,20,38,21,39,22,50,23,51,28,
Z correction              :0,58,30,4,62,37,5,44,45,45,55,47,67,51,68,53,85,56,87,57,98,58,99,127,
Z errors after correction :0,2,17,
Z correction              :13,54,17,55,19,56,20,71,40,82,41,83,60,84,79,99,100,112,102,113,116,114,117,
Z correction              :9,
X_1 logical basis qubits  :0124,18,,2
Z errors after correction :0,19,,41,24,,62,25,,817,27,,1048,39,,1262,40,,1463,43,
X_2 logical basis qubits  :179,44,,17
X_1 logical basis qubits  :045,,33,275,,49,477,,65,678,,81,886,,97,1087,,113,1290,,14113,
X_2 logical basis qubits  :1114,,17115,,33
Z errors after correction :18,,4919,,6520,,8126,,9727,,11328,35,43,44,45,46,61,
X_1 logical basis qubits  :0,2,4,6,8,10,12,14
X_2 logical basis qubits  :1,17,33,49,65,81,97,113
no error in x_1 basis
no error in x_2 basis
is_success                :1

no error in x_1 basis
no error in x_2 basis
is_success                :1

no error in x_1 basis
no error in x_2 basis
is_success                :1

no error in x_1 basis
no error in x_2 basis
is_success                :1

multiplexing              :4
number of qubits          :128
number of photons         :32
strategy                  :11
photons                   :[0,2,1,17], [18,20,19,35], [36,38,37,53], [54,56,55,71], [72,74,73,89], [90,92,91,107], [108,110,109,125], [126,112,127,15], [116,3,4,5], [6,21,22,23], [24,39,40,41], [42,57,58,59], [60,75,76,77], [78,93,94,95], [80,111,96,97], [98,113,114,115], [8,10,9,25], [26,28,27,43], [44,46,45,61], [62,48,63,79], [64,66,65,81], [82,84,83,99], [100,102,101,117], [118,120,119,7], [124,11,12,13], [14,29,30,31], [16,47,32,33], [34,49,50,51], [52,67,68,69], [70,85,86,87], [88,103,104,105], [106,121,122,123], 
number of photons         :32

assigned qubits           :0,1,2,3,4,5,6,7,8,9,10,11,12,13,14,15,16,17,18,19,20,21,22,23,24,25,26,27,28,29,30,31,32,33,34,35,36,37,38,39,40,41,42,43,44,45,46,47,48,49,50,51,52,53,54,55,56,57,58,59,60,61,62,63,64,65,66,67,68,69,70,71,72,73,74,75,76,77,78,79,80,81,82,83,84,85,86,87,88,89,90,91,92,93,94,95,96,97,98,99,100,101,102,103,104,105,106,107,108,109,110,111,112,113,114,115,116,117,118,119,120,121,122,123,124,125,126,127
photon loss probability   :0.3
photon loss               :4,5,21,25,26,27,
num photon loss           :6
qubit loss                :14,16,29,30,31,32,33,34,47,49,50,51,72,73,74,82,83,84,89,90,91,92,99,107,
X errors on qubits        :14,16,29,30,31,32,34,47,49,82,83,89,99,
Z errors on qubits        :14,29,31,32,33,34,47,50,73,84,90,91,99,
X syndromes               :7,8,14,15,16,23,24,33,36,37,42,46,49,53,
Z correction              :14,29,31,47,49,50,73,82,83,90,91,
Z errors after correction :32,33,34,49,82,83,84,99,
X_1 logical basis qubits  :0,2,4,6,8,10,12,14
X_2 logical basis qubits  :1,17,33,49,65,81,97,113
no error in x_1 basis
no error in x_2 basis
is_success                :1

multiplexing              :4
number of qubits          :128
number of photons         :32
strategy                  :11
photons                   :[0,2,1,17], [18,20,19,35], [36,38,37,53], [54,56,55,71], [72,74,73,89], [90,92,91,107], [108,110,109,125], [126,112,127,15], [116,3,4,5], [6,21,22,23], [24,39,40,41], [42,57,58,59], [60,75,76,77], [78,93,94,95], [80,111,96,97], [98,113,114,115], [8,10,9,25], [26,28,27,43], [44,46,45,61], [62,48,63,79], [64,66,65,81], [82,84,83,99], [100,102,101,117], [118,120,119,7], [124,11,12,13], [14,29,30,31], [16,47,32,33], [34,49,50,51], [52,67,68,69], [70,85,86,87], [88,103,104,105], [106,121,122,123], 
number of photons         :32

assigned qubits           :0,1,2,3,4,5,6,7,8,9,10,11,12,13,14,15,16,17,18,19,20,21,22,23,24,25,26,27,28,29,30,31,32,33,34,35,36,37,38,39,40,41,42,43,44,45,46,47,48,49,50,51,52,53,54,55,56,57,58,59,60,61,62,63,64,65,66,67,68,69,70,71,72,73,74,75,76,77,78,79,80,81,82,83,84,85,86,87,88,89,90,91,92,93,94,95,96,97,98,99,100,101,102,103,104,105,106,107,108,109,110,111,112,113,114,115,116,117,118,119,120,121,122,123,124,125,126,127
photon loss probability   :0.3
photon loss               :0,2,3,4,6,7,11,13,16,18,19,20,22,28,
num photon loss           :14
qubit loss                :0,1,2,8,9,10,15,17,25,36,37,38,42,44,45,46,48,52,53,54,55,56,57,58,59,61,62,63,64,65,66,67,68,69,71,72,73,74,78,79,81,89,93,94,95,100,101,102,108,109,110,112,117,125,126,127,
X errors on qubits        :2,8,15,17,25,42,44,45,46,53,57,58,59,63,65,66,67,69,71,74,81,93,94,95,109,110,117,
Z errors on qubits        :1,2,8,10,15,25,36,38,45,48,52,53,54,55,57,58,59,62,63,64,65,66,72,74,78,81,93,100,102,108,126,127,
X syndromes               :4,5,9,18,19,22,23,26,29,30,32,34,35,36,44,45,46,50,51,54,56,58,59,62,
Z correction              :1,2,9,37,44,46,53,55,56,59,61,69,78,79,89,93,101,108,112,117,
Z errors after correction :8,9,10,15,25,36,37,38,44,45,46,48,52,54,56,57,58,61,62,63,64,65,66,69,72,74,79,81,89,100,101,102,112,117,126,127,
X_1 logical basis qubits  :0,2,4,6,8,10,12,14
X_2 logical basis qubits  :1,17,33,49,65,81,97,113
no error in x_1 basis
no error in x_2 basis
is_success                :1

multiplexing              :4
number of qubits          :128
number of photons         :32
strategy                  :11
photons                   :[0
multiplexing              :4
number of qubits          :128
number of photons         :32
strategy                  :11
photons                   :[0,2,2,1,1,17,17], [18], [18,20,20,19,19,35,35], [36], [36,38,38,37,37,53,53], [54], [54,56,56,55,55,71,71], [72], [72,74,74,73,73,89,89], [90], [90,92,92,91,91,107,107], [108], [108,110,110,109,109,125,125], [126], [126,112,112,127,127,15,15], [116], [116,3,3,4,4,5,5], [6], [6,21,21,22,22,23,23], [24], [24,39,39,40,40,41,41], [42], [42,57,57,58,58,59,59], [60], [60,75,75,76,76,77,77], [78], [78,93,93,94,94,95,95], [80], [80,111,111,96,96,97,97], [98], [98,113,113,114,114,115,115], [8], [8,10,10,9,9,25,25], [26], [26,28,28,27,27,43,43], [44], [44,46,46,45,45,61,61], [62], [62,48,48,63,63,79,79], [64], [64,66,66,65,65,81,81], [82], [82,84,84,83,83,99,99], [100], [100,102,102,101,101,117,117], [118], [118,120,120,119,119,7,7], [124], [124,11,11,12,12,13,13], [14], [14,29,29,30,30,31,31], [16], [16,47,47,32,32,33,33], [34], [34,49,49,50,50,51,51], [52], [52,67,67,68,68,69,69], [70], [70,85,85,86,86,87,87], [88], [88,103,103,104,104,105,105], [106], [106,121,121,122,122,123,123], 
number of photons         :32
], 
number of photons         :32

assigned qubits           :0
assigned qubits           :0,1,1,2,2,3,3,4,4,5,5,6,6,7,7,8,8,9,9,10,10,11,11,12,12,13,13,14,14,15,15,16,16,17,17,18,18,19,19,20,20,21,21,22,22,23,23,24,24,25,25,26,26,27,27,28,28,29,29,30,30,31,31,32,32,33,33,34,34,35,35,36,36,37,37,38,38,39,39,40,40,41,41,42,42,43,43,44,44,45,45,46,46,47,47,48,48,49,49,50,50,51,51,52,52,53,53,54,54,55,55,56,56,57,57,58,58,59,59,60,60,61,61,62,62,63,63,64,64,65,65,66,66,67,67,68,68,69,69,70,70,71,71,72,72,73,73,74,74,75,75,76,76,77,77,78,78,79,79,80,80,81,81,82,82,83,83,84,84,85,85,86,86,87,87,88,88,89,89,90,90,91,91,92,92,93,93,94,94,95,95,96,96,97,97,98,98,99,99,100,100,101,101,102,102,103,103,104,104,105,105,106,106,107,107,108,108,109,109,110,110,111,111,112,112,113,113,114,114,115,115,116,116,117,117,118,118,119,119,120,120,121,121,122,122,123,123,124,124,125,125,126,126,127,127
photon loss probability   :0.3
photon loss               :0,
photon loss probability   :0.3
photon loss               :2,2,6,8,7,9,9,10,10,14,11,16,14,18,18,21,25,24,27,25,
num photon loss           :10
qubit loss                :6,31,14,
num photon loss           :12
qubit loss                :0,15,1,21,2,22,3,23,4,24,5,29,6,30,8,31,9,34,10,36,11,37,12,38,13,39,14,40,17,41,21,42,22,44,23,45,24,46,25,49,29,50,30,51,31,53,36,57,37,58,38,59,39,61,40,80,41,96,44,97,45,108,46,109,53,110,61,111,80,112,82,125,83,126,84,127,96,
X errors on qubits        :15,97,21,99,23,106,24,111,34,116,36,121,37,122,39,123,40,124,42,
X errors on qubits        :0,45,3,46,4,49,6,50,9,51,10,57,11,58,12,61,13,96,17,97,21,108,22,109,25,110,29,111,38,126,44,127,45,
Z errors on qubits        :6,53,14,84,22,96,29,97,30,106,34,111,36,124,39,
Z errors on qubits        :0,40,4,44,5,45,8,46,10,49,11,50,13,53,23,59,25,96,37,108,44,125,45,127,61,82,83,111,116,
X syndromes               :3,7,14,15,17,
X syndromes               :0,18,2,23,3,24,4,25,7,27,8,28,10,29,11,31,12,33,18,48,19,54,23,31,42,48,49,55,58,
Z correction              :6,14,22,29,30,34,37,38,39,41,42,49,50,57,
Z correction              :1,59,3,61,5,96,8,108,12,125,13,127,21,
Z errors after correction :36,29,37,31,38,37,40,46,41,84,42,99,44,111,45,116,46,
Z errors after correction :0,53,1,57,3,61,4,
X_1 logical basis qubits  :010,,211,,412,,621,,823,,1025,,1229,,1431,
X_2 logical basis qubits  :144,,1745,,3346,,4961,,6582,,8183,,9784,,11399,
X_1 logical basis qubits  :0,2,4,6,8,10,12,14
X_2 logical basis qubits  :1,17,33,49,65,81,97,113
no error in x_1 basis
no error in x_2 basis
is_success                :1

no error in x_1 basis
num_error_in_x_2          :1
is_success                :0

multiplexing              :4
number of qubits          :128
number of photons         :32
strategy                  :11
photons                   :[0,2,1,17], [18,20,19,35], [36,38,37,53], [54,56,55,71], [72,74,73,89], [90,92,91,107], [108,110,109,125], [126,112,127,15], [116,3,4,5], [6,21,22,23], [24,39,40,41], [42,57,58,59], [60,75,76,77], [78,93,94,95], [80,111,96,97], [98,113,114,115], [8,10,9,25], [26,28,27,43], [44,46,45,61], [62,48,63,79], [64,66,65,81], [82,84,83,99], [100,102,101,117], [118,120,119,7], [124,11,12,13], [14,29,30,31], [16,47,32,33], [34,49,50,51], [52,67,68,69], [70,85,86,87], [88,103,104,105], [106,121,122,123], 
number of photons         :32

assigned qubits           :0,1,2,3,4,5,6,7,8,9,10,11,12,13,14,15,16,17,18,19,20,21,22,23,24,25,26,27,28,29,30,31,32,33,34,35,36,37,38,39,40,41,42,43,44,45,46,47,48,49,50,51,52,53,54,55,56,57,58,59,60,61,62,63,64,65,66,67,68,69,70,71,72,73,74,75,76,77,78,79,80,81,82,83,84,85,86,87,88,89,90,91,92,93,94,95,96,97,98,99,100,101,102,103,104,105,106,107,108,109,110,111,112,113,114,115,116,117,118,119,120,121,122,123,124,125,126,127
photon loss probability   :0.3
photon loss               :7,13,18,19,20,21,22,25,26,29,
num photon loss           :10
qubit loss                :14,15,16,29,30,31,32,33,44,45,46,47,48,61,62,63,64,65,66,70,78,79,81,82,83,84,85,86,87,93,94,95,99,100,101,102,112,117,126,127,
X errors on qubits        :14,29,30,32,33,47,63,65,66,79,81,82,83,84,95,102,126,
Z errors on qubits        :14,16,30,31,45,46,61,65,66,78,79,82,83,84,85,87,100,101,102,126,
X syndromes               :15,16,22,23,30,41,42,44,47,49,50,58,59,63,
Z correction              :14,15,32,45,48,61,62,65,66,78,82,83,84,85,87,100,101,102,112,127,
Z errors after correction :15,16,30,31,32,46,48,62,79,112,126,127,
X_1 logical basis qubits  :0,2,4,6,8,10,12,14
X_2 logical basis qubits  :1,17,33,49,65,81,97,113
no error in x_1 basis
no error in x_2 basis
is_success                :1

multiplexing              :4
number of qubits          :128
number of photons         :32
strategy                  :11
photons                   :[0,2,1,17], [18,20,19,35], [36,38,37,53], [54,56,55,71], [72,74,73,89], [90,92,91,107], [108,110,109,125], [126,112,127,15], [116,3,4,5], [6,21,22,23], [24,39,40,41], [42,57,58,59], [60,75,76,77], [78,93,94,95], [80,111,96,97], [98,113,114,115], [8,10,9,25], [26,28,27,43], [44,46,45,61], [62,48,63,79], [64,66,65,81], [82,84,83,99], [100,102,101,117], [118,120,119,7], [124,11,12,13], [14,29,30,31], [16,47,32,33], [34,49,50,51], [52,67,68,69], [70,85,86,87], [88,103,104,105], [106,121,122,123], 
number of photons         :32

assigned qubits           :0,1,2,3,4,5,6,7,8,9,10,11,12,13,14,15,16,17,18,19,20,21,22,23,24,25,26,27,28,29,30,31,32,33,34,35,36,37,38,39,40,41,42,43,44,45,46,47,48,49,50,51,52,53,54,55,56,57,58,59,60,61,62,63,64,65,66,67,68,69,70,71,72,73,74,75,76,77,78,79,80,81,82,83,84,85,86,87,88,89,90,91,92,93,94,95,96,97,98,99,100,101,102,103,104,105,106,107,108,109,110,111,112,113,114,115,116,117,118,119,120,121,122,123,124,125,126,127
photon loss probability   :0.3
photon loss               :2,9,10,11,12,13,14,15,16,18,21,23,28,29,
num photon loss           :14
qubit loss                :6,7,8,9,10,21,22,23,24,25,36,37,38,39,40,41,42,44,45,46,52,53,57,58,59,60,61,67,68,69,70,75,76,77,78,80,82,83,84,85,86,87,93,94,95,96,97,98,99,111,113,114,115,118,119,120,
X errors on qubits        :6,9,22,23,24,25,36,37,38,40,42,44,53,59,67,68,69,70,75,80,82,83,84,85,86,87,95,98,99,113,120,
Z errors on qubits        :6,7,8,9,24,25,37,39,41,45,52,57,60,61,68,75,77,78,80,83,85,86,93,96,97,98,99,115,119,120,
X syndromes               :5,11,12,13,18,20,21,22,23,26,28,29,31,37,38,40,41,42,46,48,49,50,51,56,58,59,
Z correction              :7,9,22,25,36,38,41,44,46,52,53,57,60,68,75,77,78,82,84,85,86,93,94,95,111,113,115,118,
Z errors after correction :6,8,22,24,36,37,38,39,44,45,46,53,61,80,82,83,84,94,95,96,97,98,99,111,113,118,119,120,
X_1 logical basis qubits  :0,2,4,6,8,10,12,14
X_2 logical basis qubits  :1,17,33,49,65,81,97,113
no error in x_1 basis
no error in x_2 basis
is_success                :1

multiplexing              :4
number of qubits          :128
number of photons         :32
strategy                  :11
photons                   :[0,2,1,17], [18,20,19,35], [36,38,37,53], [54,56,55,71], [72,74,73,89], [90,92,91,107], [108,110,109,125], [126,112,127,15], [116,3,4,5], [6,21,22,23], [24,39,40,41], [42,57,58,59], [60,75,76,77], [78,93,94,95], [80,111,96,97], [98,113,114,115], [8,10,9,25], [26,28,27,43], [44,46,45,61], [62,48,63,79], [64,66,65,81], [82,84,83,99], [100,102,101,117], [118,120,119,7], [124,11,12,13], [14,29,30,31], [16,47,32,33], [34,49,50,51], [52,67,68,69], [70,85,86,87], [88,103,104,105], [106,121,122,123], 
number of photons         :32

assigned qubits           :0,1,2,3,4,5,6,7,8,9,10,11,12,13,14,15,16,17,18,19,20,21,22,23,24,25,26,27,28,29,30,31,32,33,34,35,36,37,38,39,40,41,42,43,44,45,46,47,48,49,50,51,52,53,54,55,56,57,58,59,60,61,62,63,64,65,66,67,68,69,70,71,72,73,74,75,76,77,78,79,80,81,82,83,84,85,86,87,88,89,90,91,92,93,94,95,96,97,98,99,100,101,102,103,104,105,106,107,108,109,110,111,112,113,114,115,116,117,118,119,120,121,122,123,124,125,126,127
photon loss probability   :0.3
photon loss               :7,15,16,19,20,31,
num photon loss           :6
qubit loss                :8,9,10,15,25,48,62,63,64,65,66,79,81,98,106,112,113,114,115,121,122,123,126,127,
X errors on qubits        :15,48,66,81,98,112,113,115,122,123,126,127,
Z errors on qubits        :9,62,64,65,79,98,113,114,121,122,123,127,
X syndromes               :1,4,31,32,33,40,49,57,60,61,62,63,
Z correction              :9,48,63,64,65,98,113,114,121,122,123,127,
Z errors after correction :48,62,63,79,
X_1 logical basis qubits  :0,2,4,6,8,10,12,14
X_2 logical basis qubits  :1,17,33,49,65,81,97,113
no error in x_1 basis
no error in x_2 basis
is_success                :1

multiplexing              :4
number of qubits          :128
number of photons         :32
strategy                  :11
photons                   :[0,2,1,17], [18,20,19,35], [36,38,37,53], [54,56,55,71], [72,74,73,89], [90,92,91,107], [108,110,109,125], [126,112,127,15], [116,3,4,5], [6,21,22,23], [24,39,40,41], [42,57,58,59], [60,75,76,77], [78,93,94,95], [80,111,96,97], [98,113,114,115], [8,10,9,25], [26,28,27,43], [44,46,45,61], [62,48,63,79], [64,66,65,81], [82,84,83,99], [100,102,101,117], [118,120,119,7], [124,11,12,13], [14,29,30,31], [16,47,32,33], [34,49,50,51], [52,67,68,69], [70,85,86,87], [88,103,104,105], [106,121,122,123], 
number of photons         :32

assigned qubits           :0,1,2,3,4,5,6,7,8,9,10,11,12,13,14,15,16,17,18,19,20,21,22,23,24,25,26,27,28,29,30,31,32,33,34,35,36,37,38,39,40,41,42,43,44,45,46,47,48,49,50,51,52,53,54,55,56,57,58,59,60,61,62,63,64,65,66,67,68,69,70,71,72,73,74,75,76,77,78,79,80,81,82,83,84,85,86,87,88,89,90,91,92,93,94,95,96,97,98,99,100,101,102,103,104,105,106,107,108,109,110,111,112,113,114,115,116,117,118,119,120,121,122,123,124,125,126,127
photon loss probability   :0.3
photon loss               :3,5,9,11,12,13,14,29,
num photon loss           :8
qubit loss                :6,21,22,23,42,54,55,56,57,58,59,60,70,71,75,76,77,78,80,85,86,87,90,91,92,93,94,95,96,97,107,111,
X errors on qubits        :6,21,57,59,77,86,87,91,97,107,111,
Z errors on qubits        :21,23,54,55,57,58,59,60,75,77,80,85,91,93,95,96,111,
X syndromes               :10,12,29,35,38,39,42,43,45,48,55,56,
Z correction              :21,23,56,57,71,77,85,91,93,94,96,
Z errors after correction :54,55,56,58,59,60,71,75,80,94,95,111,
X_1 logical basis qubits  :0,2,4,6,8,10,12,14
X_2 logical basis qubits  :1,17,33,49,65,81,97,113
no error in x_1 basis
no error in x_2 basis
is_success                :1

multiplexing              :4
number of qubits          :128
number of photons         :32
strategy                  :11
photons                   :[0,2,1,17], [18,20,19,35], [36,38,37,53], [54,56,55,71], [72,74,73,89], [90,92,91,107], [108,110,109,125], [126,112,127,15], [116,3,4,5], [6,21,22,23], [24,39,40,41], [42,57,58,59], [60,75,76,77], [78,93,94,95], [80,111,96,97], [98,113,114,115], [8,10,9,25], [26,28,27,43], [44,46,45,61], [62,48,63,79], [64,66,65,81], [82,84,83,99], [100,102,101,117], [118,120,119,7], [124,11,12,13], [14,29,30,31], [16,47,32,33], [34,49,50,51], [52,67,68,69], [70,85,86,87], [88,103,104,105], [106,121,122,123], 
number of photons         :32

assigned qubits           :0,1,2,3,4,5,6,7,8,9,10,11,12,13,14,15,16,17,18,19,20,21,22,23,24,25,26,27,28,29,30,31,32,33,34,35,36,37,38,39,40,41,42,43,44,45,46,47,48,49,50,51,52,53,54,55,56,57,58,59,60,61,62,63,64,65,66,67,68,69,70,71,72,73,74,75,76,77,78,79,80,81,82,83,84,85,86,87,88,89,90,91,92,93,94,95,96,97,98,99,100,101,102,103,104,105,106,107,108,109,110,111,112,113,114,115,116,117,118,119,120,121,122,123,124,125,126,127
photon loss probability   :0.3
photon loss               :2,9,10,13,14,15,16,19,20,21,23,
num photon loss           :11
qubit loss                :6,7,8,9,10,21,22,23,24,25,36,37,38,39,40,41,48,53,62,63,64,65,66,78,79,80,81,82,83,84,93,94,95,96,97,98,99,111,113,114,115,118,119,120,
X errors on qubits        :7,9,10,22,25,37,41,48,62,63,66,78,79,80,82,94,97,98,114,115,118,119,120,
Z errors on qubits        :6,7,8,21,22,24,25,36,38,39,40,53,63,83,84,93,96,115,119,
X syndromes               :10,11,12,13,18,19,20,24,28,31,41,46,47,48,50,56,57,58,59,60,
Z correction              :7,21,25,37,40,63,83,84,93,96,115,118,120,
Z errors after correction :6,8,22,24,36,37,38,39,53,118,119,120,
X_1 logical basis qubits  :0,2,4,6,8,10,12,14
X_2 logical basis qubits  :1,17,33,49,65,81,97,113
no error in x_1 basis
no error in x_2 basis
is_success                :1
