12 5 4 100000 1 burst 0
12 5 4 100000 1 burst 0.1
12 5 4 100000 1 burst 0.2
12 5 4 100000 1 burst 0.3
12 5 4 100000 1 burst 0.4
12 5 4 100000 1 burst 0.5
12 5 4 100000 1 burst 0.6
12 5 4 100000 1 burst 0.7
12 5 4 100000 1 burst 0.8
12 5 4 100000 1 burst 0.9
12 5 4 100000 1 burst 0.10
12 6 4 100000 1 burst 0
12 6 4 100000 1 burst 0.1
12 6 4 100000 1 burst 0.2
12 6 4 100000 1 burst 0.3
12 6 4 100000 1 burst 0.4
12 6 4 100000 1 burst 0.5
12 6 4 100000 1 burst 0.6
12 6 4 100000 1 burst 0.7
12 6 4 100000 1 burst 0.8
12 6 4 100000 1 burst 0.9
12 6 4 100000 1 burst 0.10

