12 4 2 100000 0 0.1
12 4 2 100000 0 0.2
12 4 2 100000 0 0.4
12 4 2 100000 0 0.8
12 4 2 100000 0 1.0
12 4 2 100000 1 0.1
12 4 2 100000 1 0.2
12 4 2 100000 1 0.4
12 4 2 100000 1 0.8
12 4 2 100000 1 1.0
12 4 2 100000 2 0.1
12 4 2 100000 2 0.2
12 4 2 100000 2 0.4
12 4 2 100000 2 0.8
12 4 2 100000 2 1.0
12 4 2 100000 4 0.1
12 4 2 100000 4 0.2
12 4 2 100000 4 0.4
12 4 2 100000 4 0.8
12 4 2 100000 4 1.0
12 4 2 100000 8 0.1
12 4 2 100000 8 0.2
12 4 2 100000 8 0.4
12 4 2 100000 8 0.8
12 4 2 100000 8 1.0
12 4 2 100000 16 0.1
12 4 2 100000 16 0.2
12 4 2 100000 16 0.4
12 4 2 100000 16 0.8
12 4 2 100000 16 1.0
12 4 2 100000 32 0.1
12 4 2 100000 32 0.2
12 4 2 100000 32 0.4
12 4 2 100000 32 0.8
12 4 2 100000 32 1.0
12 4 4 100000 0 0.1
12 4 4 100000 0 0.2
12 4 4 100000 0 0.4
12 4 4 100000 0 0.8
12 4 4 100000 0 1.0
12 4 4 100000 1 0.1
12 4 4 100000 1 0.2
12 4 4 100000 1 0.4
12 4 4 100000 1 0.8
12 4 4 100000 1 1.0
12 4 4 100000 2 0.1
12 4 4 100000 2 0.2
12 4 4 100000 2 0.4
12 4 4 100000 2 0.8
12 4 4 100000 2 1.0
12 4 4 100000 4 0.1
12 4 4 100000 4 0.2
12 4 4 100000 4 0.4
12 4 4 100000 4 0.8
12 4 4 100000 4 1.0
12 4 4 100000 8 0.1
12 4 4 100000 8 0.2
12 4 4 100000 8 0.4
12 4 4 100000 8 0.8
12 4 4 100000 8 1.0
12 4 4 100000 16 0.1
12 4 4 100000 16 0.2
12 4 4 100000 16 0.4
12 4 4 100000 16 0.8
12 4 4 100000 16 1.0
12 4 4 100000 32 0.1
12 4 4 100000 32 0.2
12 4 4 100000 32 0.4
12 4 4 100000 32 0.8
12 4 4 100000 32 1.0
12 5 2 100000 0 0.1
12 5 2 100000 0 0.2
12 5 2 100000 0 0.4
12 5 2 100000 0 0.8
12 5 2 100000 0 1.0
12 5 2 100000 1 0.1
12 5 2 100000 1 0.2
12 5 2 100000 1 0.4
12 5 2 100000 1 0.8
12 5 2 100000 1 1.0
12 5 2 100000 2 0.1
12 5 2 100000 2 0.2
12 5 2 100000 2 0.4
12 5 2 100000 2 0.8
12 5 2 100000 2 1.0
12 5 2 100000 4 0.1
12 5 2 100000 4 0.2
12 5 2 100000 4 0.4
12 5 2 100000 4 0.8
12 5 2 100000 4 1.0
12 5 2 100000 8 0.1
12 5 2 100000 8 0.2
12 5 2 100000 8 0.4
12 5 2 100000 8 0.8
12 5 2 100000 8 1.0
12 5 2 100000 16 0.1
12 5 2 100000 16 0.2
12 5 2 100000 16 0.4
12 5 2 100000 16 0.8
12 5 2 100000 16 1.0
12 5 2 100000 32 0.1
12 5 2 100000 32 0.2
12 5 2 100000 32 0.4
12 5 2 100000 32 0.8
12 5 2 100000 32 1.0
12 5 4 100000 0 0.1
12 5 4 100000 0 0.2
12 5 4 100000 0 0.4
12 5 4 100000 0 0.8
12 5 4 100000 0 1.0
12 5 4 100000 1 0.1
12 5 4 100000 1 0.2
12 5 4 100000 1 0.4
12 5 4 100000 1 0.8
12 5 4 100000 1 1.0
12 5 4 100000 2 0.1
12 5 4 100000 2 0.2
12 5 4 100000 2 0.4
12 5 4 100000 2 0.8
12 5 4 100000 2 1.0
12 5 4 100000 4 0.1
12 5 4 100000 4 0.2
12 5 4 100000 4 0.4
12 5 4 100000 4 0.8
12 5 4 100000 4 1.0
12 5 4 100000 8 0.1
12 5 4 100000 8 0.2
12 5 4 100000 8 0.4
12 5 4 100000 8 0.8
12 5 4 100000 8 1.0
12 5 4 100000 16 0.1
12 5 4 100000 16 0.2
12 5 4 100000 16 0.4
12 5 4 100000 16 0.8
12 5 4 100000 16 1.0
12 5 4 100000 32 0.1
12 5 4 100000 32 0.2
12 5 4 100000 32 0.4
12 5 4 100000 32 0.8
12 5 4 100000 32 1.0